D|71,75
i|79,75
á|82,75
r|88,75
i|92,75
o|95,75
 |101,75
d|104,75
a|111,75
 |117,75
R|120,75
e|128,75
p|134,75
ú|140,75
b|147,75
l|154,75
i|157,75
c|160,75
a|166,75
,|172,75
 |175,75
1|178,75
.|184,75
ª|187,75
 |191,75
s|194,75
é|200,75
r|206,75
i|210,75
e|213,75
N|40,144
.|47,144
º|51,144
 |55,144
7|58,144
6|64,144
 |70,144
1|246,144
9|252,144
 |258,144
d|263,144
e|269,144
 |275,144
a|281,144
b|287,144
r|293,144
i|297,144
l|299,144
 |302,144
d|307,144
e|313,144
 |319,144
2|325,144
0|331,144
2|337,144
2|343,144
 |349,144
P|523,144
á|530,144
g|536,144
.|543,144
 |546,144
2|549,144
 |555,144
 |175,208
G|175,208
A|183,208
B|190,208
I|198,208
N|201,208
E|208,208
T|215,208
E|221,208
 |228,208
D|231,208
O|239,208
 |247,208
R|249,208
E|257,208
P|264,208
R|271,208
E|278,208
S|285,208
E|292,208
N|299,208
T|306,208
A|312,208
N|319,208
T|327,208
E|333,208
 |340,208
D|343,208
A|350,208
 |357,208
R|360,208
E|368,208
P|375,208
Ú|382,208
B|389,208
L|396,208
I|403,208
C|406,208
A|413,208
 |420,208
P|189,242
A|195,242
R|203,242
A|210,242
 |217,242
A|220,242
 |227,242
R|230,242
E|237,242
G|244,242
I|252,242
Ã|255,242
O|263,242
 |271,242
A|273,242
U|281,242
T|288,242
Ó|294,242
N|302,242
O|310,242
M|318,242
A|327,242
 |334,242
D|337,242
O|344,242
S|352,242
 |359,242
A|361,242
Ç|369,242
O|376,242
R|384,242
E|392,242
S|399,242
D|90,301
e|98,301
c|103,301
r|109,301
e|113,301
t|118,301
o|121,301
 |128,301
d|130,301
o|136,301
 |142,301
R|145,301
e|152,301
p|158,301
r|164,301
e|168,301
s|174,301
e|179,301
n|185,301
t|191,301
a|194,301
n|200,301
t|206,301
e|209,301
 |215,301
d|217,301
a|223,301
 |229,301
R|232,301
e|239,301
p|244,301
ú|251,301
b|257,301
l|263,301
i|266,301
c|268,301
a|274,301
 |279,301
p|282,301
a|288,301
r|294,301
a|298,301
 |303,301
a|306,301
 |312,301
R|314,301
e|322,301
g|327,301
i|333,301
ã|336,301
o|341,301
 |348,301
A|350,301
u|357,301
t|363,301
ó|367,301
n|373,301
o|379,301
m|385,301
a|394,301
 |399,301
d|402,301
o|408,301
s|414,301
 |420,301
A|422,301
ç|429,301
o|435,301
r|441,301
e|445,301
s|450,301
 |456,301
n|459,301
.|465,301
º|468,301
 |471,301
1|474,301
/|480,301
2|482,301
0|488,301
2|493,301
2|499,301
d|269,352
e|274,352
 |279,352
1|282,352
9|287,352
 |292,352
d|294,352
e|300,352
 |305,352
a|307,352
b|312,352
r|318,352
i|321,352
l|324,352
S|116,407
u|122,407
m|126,407
á|134,407
r|138,407
i|141,407
o|143,407
:|148,407
 |150,407
E|152,407
x|158,407
o|162,407
n|167,407
e|172,407
r|177,407
a|179,407
,|184,407
 |186,407
s|190,407
o|194,407
b|198,407
 |203,407
p|206,407
r|211,407
o|214,407
p|219,407
o|223,407
s|228,407
t|232,407
a|235,407
 |239,407
d|242,407
o|247,407
 |252,407
P|255,407
r|261,407
e|263,407
s|268,407
i|272,407
d|274,407
e|279,407
n|284,407
t|288,407
e|291,407
 |296,407
d|299,407
o|303,407
 |308,407
G|311,407
o|318,407
v|322,407
e|327,407
r|331,407
n|334,407
o|339,407
 |344,407
R|347,407
e|353,407
g|358,407
i|362,407
o|364,407
n|369,407
a|374,407
l|378,407
 |380,407
d|383,407
o|388,407
s|393,407
 |397,407
A|400,407
ç|405,407
o|409,407
r|414,407
e|417,407
s|422,407
,|426,407
 |428,407
v|431,407
á|436,407
r|440,407
i|443,407
o|445,407
s|450,407
 |454,407
m|457,407
e|464,407
m|469,407
-|476,407
b|153,427
r|158,427
o|160,427
s|165,427
 |169,427
d|172,427
o|177,427
 |181,427
G|184,427
o|190,427
v|195,427
e|199,427
r|204,427
n|207,427
o|211,427
 |216,427
R|219,427
e|225,427
g|229,427
i|234,427
o|236,427
n|241,427
a|246,427
l|250,427
 |252,427
d|254,427
a|259,427
 |264,427
R|266,427
e|272,427
g|277,427
i|282,427
ã|284,427
o|289,427
 |293,427
A|295,427
u|301,427
t|306,427
ó|308,427
n|313,427
o|317,427
m|322,427
a|329,427
 |334,427
d|336,427
o|341,427
s|346,427
 |350,427
A|352,427
ç|357,427
o|362,427
r|366,427
e|369,427
s|374,427
.|378,427
A|93,469
o|101,469
 |107,469
a|111,469
b|117,469
r|123,469
i|126,469
g|129,469
o|135,469
 |141,469
d|144,469
o|150,469
 |156,469
n|160,469
.|166,469
º|169,469
 |173,469
4|176,469
 |182,469
d|186,469
o|192,469
 |198,469
a|202,469
r|208,469
t|212,469
i|215,469
g|217,469
o|223,469
 |229,469
2|232,469
3|238,469
1|244,469
.|250,469
º|253,469
 |257,469
d|261,469
a|267,469
 |273,469
C|277,469
o|285,469
n|291,469
s|297,469
t|302,469
i|305,469
t|308,469
u|311,469
i|317,469
ç|319,469
ã|324,469
o|330,469
 |336,469
d|340,469
a|346,469
 |352,469
R|356,469
e|364,469
p|370,469
ú|376,469
b|382,469
l|388,469
i|391,469
c|393,469
a|398,469
 |404,469
P|408,469
o|415,469
r|421,469
t|425,469
u|428,469
g|434,469
u|440,469
e|446,469
s|452,469
a|457,469
,|463,469
 |466,469
d|470,469
o|476,469
 |482,469
n|486,469
.|492,469
º|495,469
 |499,469
2|502,469
 |508,469
d|512,469
o|518,469
 |524,469
a|71,494
r|77,494
t|80,494
i|83,494
g|85,494
o|91,494
 |97,494
8|100,494
1|106,494
.|112,494
º|115,494
 |119,494
e|123,494
 |129,494
d|132,494
a|138,494
 |144,494
a|148,494
l|154,494
í|156,494
n|159,494
e|165,494
a|171,494
 |177,494
b|180,494
)|186,494
 |189,494
d|193,494
o|199,494
 |205,494
n|209,494
.|215,494
º|218,494
 |222,494
1|225,494
 |230,494
d|234,494
o|240,494
 |246,494
a|250,494
r|256,494
t|259,494
i|262,494
g|265,494
o|271,494
 |277,494
1|279,494
0|285,494
7|291,494
.|297,494
º|300,494
 |304,494
d|308,494
o|314,494
 |320,494
E|324,494
s|331,494
t|336,494
a|339,494
t|345,494
u|348,494
t|354,494
o|357,494
 |362,494
P|366,494
o|373,494
l|379,494
í|382,494
t|385,494
i|388,494
c|390,494
o|395,494
-|401,494
 |401,494
A|405,494
d|412,494
m|418,494
i|426,494
n|429,494
i|435,494
s|437,494
t|442,494
r|445,494
a|449,494
t|455,494
i|458,494
v|460,494
o|465,494
 |471,494
d|475,494
a|481,494
 |487,494
R|491,494
e|498,494
g|504,494
i|510,494
ã|512,494
o|518,494
 |524,494
A|71,520
u|78,520
t|84,520
ó|86,520
n|92,520
o|98,520
m|104,520
a|113,520
 |119,520
d|121,520
o|127,520
s|133,520
 |138,520
A|140,520
ç|147,520
o|152,520
r|158,520
e|161,520
s|167,520
,|173,520
 |175,520
s|178,520
o|183,520
b|189,520
 |195,520
p|197,520
r|203,520
o|207,520
p|212,520
o|218,520
s|224,520
t|229,520
a|232,520
 |238,520
d|241,520
o|246,520
 |252,520
P|255,520
r|262,520
e|265,520
s|271,520
i|276,520
d|279,520
e|285,520
n|290,520
t|296,520
e|299,520
 |305,520
d|307,520
o|313,520
 |319,520
G|322,520
o|330,520
v|336,520
e|341,520
r|347,520
n|350,520
o|356,520
 |362,520
R|364,520
e|372,520
g|378,520
i|384,520
o|386,520
n|392,520
a|398,520
l|403,520
 |406,520
d|408,520
o|414,520
s|420,520
 |425,520
A|427,520
ç|434,520
o|439,520
r|445,520
e|449,520
s|454,520
,|460,520
 |463,520
J|465,520
o|470,520
s|476,520
é|481,520
 |487,520
M|490,520
a|499,520
n|504,520
u|510,520
e|516,520
l|522,520
 |524,520
C|71,545
a|78,545
b|84,545
r|90,545
a|93,545
l|99,545
 |102,545
D|104,545
i|112,545
a|114,545
s|120,545
 |125,545
B|128,545
o|135,545
l|140,545
i|143,545
e|145,545
i|151,545
r|153,545
o|157,545
,|163,545
 |166,545
e|168,545
 |174,545
n|176,545
o|182,545
s|188,545
 |193,545
t|196,545
e|199,545
r|204,545
m|208,545
o|217,545
s|223,545
 |228,545
d|230,545
o|236,545
 |242,545
n|244,545
.|250,545
º|253,545
 |257,545
1|260,545
 |266,545
d|268,545
o|274,545
 |280,545
a|282,545
r|288,545
t|292,545
i|295,545
g|297,545
o|303,545
 |309,545
9|312,545
.|317,545
º|320,545
 |324,545
d|327,545
a|333,545
 |338,545
L|341,545
e|347,545
i|353,545
 |355,545
n|357,545
.|363,545
º|366,545
 |370,545
3|373,545
0|379,545
/|385,545
2|387,545
0|393,545
0|399,545
8|405,545
,|411,545
 |414,545
d|416,545
e|422,545
 |428,545
1|430,545
0|436,545
 |442,545
d|445,545
e|450,545
 |456,545
j|459,545
u|461,545
l|467,545
h|469,545
o|475,545
,|481,545
 |484,545
e|486,545
x|492,545
o|497,545
n|503,545
e|509,545
r|515,545
o|518,545
 |524,545
o|71,570
s|77,570
 |82,570
s|85,570
e|90,570
g|96,570
u|102,570
i|107,570
n|110,570
t|116,570
e|119,570
s|124,570
 |130,570
m|133,570
e|141,570
m|147,570
b|156,570
r|162,570
o|165,570
s|171,570
 |176,570
d|179,570
o|185,570
 |191,570
X|194,570
I|201,570
I|204,570
I|207,570
 |210,570
G|213,570
o|221,570
v|227,570
e|232,570
r|238,570
n|241,570
o|247,570
 |253,570
R|256,570
e|263,570
g|269,570
i|275,570
o|277,570
n|283,570
a|289,570
l|295,570
:|297,570
S|93,612
e|100,612
c|106,612
r|112,612
e|115,612
t|121,612
á|124,612
r|130,612
i|133,612
o|136,612
 |141,612
R|145,612
e|153,612
g|159,612
i|165,612
o|167,612
n|173,612
a|179,612
l|185,612
 |187,612
d|191,612
a|197,612
s|203,612
 |208,612
F|212,612
i|218,612
n|221,612
a|226,612
n|232,612
ç|238,612
a|243,612
s|249,612
,|254,612
 |257,612
P|261,612
l|268,612
a|271,612
n|277,612
e|282,612
a|288,612
m|294,612
e|303,612
n|309,612
t|315,612
o|318,612
 |323,612
e|327,612
 |333,612
A|337,612
d|344,612
m|349,612
i|358,612
n|361,612
i|366,612
s|369,612
t|374,612
r|377,612
a|380,612
ç|386,612
ã|392,612
o|397,612
 |403,612
P|407,612
ú|414,612
b|420,612
l|426,612
i|428,612
c|431,612
a|436,612
 |442,612
—|445,612
 |455,612
J|458,612
o|463,612
a|469,612
q|475,612
u|481,612
i|487,612
m|489,612
 |498,612
J|502,612
o|507,612
s|513,612
é|518,612
 |524,612
S|71,637
a|78,637
n|84,637
t|89,637
o|92,637
s|98,637
 |103,637
d|106,637
e|112,637
 |118,637
B|121,637
a|128,637
s|134,637
t|139,637
o|142,637
s|148,637
 |153,637
e|156,637
 |162,637
S|165,637
i|172,637
l|174,637
v|176,637
a|182,637
.|187,637
S|93,663
e|100,663
c|106,663
r|111,663
e|115,663
t|121,663
á|124,663
r|130,663
i|133,663
a|135,663
 |141,663
R|144,663
e|152,663
g|158,663
i|163,663
o|166,663
n|172,663
a|177,663
l|183,663
 |186,663
d|189,663
a|194,663
 |200,663
E|203,663
d|210,663
u|216,663
c|222,663
a|227,663
ç|233,663
ã|238,663
o|244,663
 |250,663
—|253,663
 |263,663
S|266,663
o|273,663
f|279,663
i|282,663
a|284,663
 |290,663
H|293,663
e|301,663
l|306,663
e|309,663
n|315,663
o|320,663
 |326,663
S|329,663
a|336,663
n|342,663
t|348,663
o|351,663
s|357,663
 |362,663
R|365,663
o|372,663
q|378,663
u|384,663
e|390,663
 |396,663
R|399,663
i|406,663
b|409,663
e|414,663
i|420,663
r|423,663
o|426,663
.|432,663
S|93,688
e|100,688
c|106,688
r|111,688
e|115,688
t|120,688
á|123,688
r|129,688
i|133,688
a|135,688
 |141,688
R|143,688
e|150,688
g|156,688
i|162,688
o|164,688
n|170,688
a|176,688
l|181,688
 |184,688
d|186,688
a|192,688
 |198,688
C|200,688
u|207,688
l|213,688
t|215,688
u|218,688
r|224,688
a|227,688
,|233,688
 |236,688
C|238,688
i|246,688
ê|248,688
n|254,688
c|260,688
i|265,688
a|267,688
 |273,688
e|275,688
 |281,688
T|283,688
r|289,688
a|292,688
n|298,688
s|304,688
i|309,688
ç|311,688
ã|317,688
o|322,688
 |328,688
D|330,688
i|338,688
g|340,688
i|346,688
t|348,688
a|351,688
l|357,688
 |359,688
—|362,688
 |372,688
S|375,688
u|382,688
s|388,688
e|393,688
t|399,688
e|402,688
 |407,688
P|410,688
a|417,688
u|422,688
l|428,688
a|430,688
 |436,688
d|439,688
e|444,688
 |450,688
O|452,688
l|460,688
i|463,688
v|465,688
e|470,688
i|476,688
r|478,688
a|482,688
 |487,688
P|490,688
e|497,688
i|502,688
x|505,688
o|510,688
t|516,688
o|518,688
 |524,688
A|71,713
m|78,713
a|86,713
r|92,713
o|96,713
.|102,713
S|93,738
e|100,738
c|106,738
r|111,738
e|115,738
t|121,738
á|124,738
r|130,738
i|133,738
o|135,738
 |141,738
R|144,738
e|152,738
g|158,738
i|163,738
o|166,738
n|172,738
a|177,738
l|183,738
 |186,738
d|189,738
o|194,738
s|200,738
 |205,738
T|208,738
r|214,738
a|218,738
n|224,738
s|229,738
p|235,738
o|240,738
r|246,738
t|250,738
e|253,738
s|259,738
,|264,738
 |267,738
T|269,738
u|275,738
r|281,738
i|285,738
s|287,738
m|292,738
o|301,738
 |307,738
e|310,738
 |316,738
E|319,738
n|326,738
e|331,738
r|337,738
g|341,738
i|347,738
a|349,738
 |355,738
—|358,738
 |368,738
M|371,738
á|380,738
r|386,738
i|389,738
o|392,738
 |397,738
J|400,738
o|406,738
r|411,738
g|415,738
e|421,738
 |427,738
M|430,738
o|438,738
t|444,738
a|447,738
 |453,738
B|456,738
o|463,738
r|469,738
g|472,738
e|478,738
s|484,738
.|489,738
S|93,763
e|100,763
c|106,763
r|111,763
e|115,763
t|120,763
á|123,763
r|129,763
i|132,763
o|135,763
 |140,763
R|143,763
e|150,763
g|156,763
i|162,763
o|164,763
n|170,763
a|176,763
l|181,763
 |184,763
d|186,763
a|192,763
 |197,763
J|200,763
u|205,763
v|211,763
e|216,763
n|221,763
t|227,763
u|230,763
d|236,763
e|242,763
,|247,763
 |250,763
Q|252,763
u|261,763
a|266,763
l|272,763
i|274,763
f|277,763
i|279,763
c|282,763
a|287,763
ç|293,763
ã|298,763
o|304,763
 |309,763
P|312,763
r|319,763
o|322,763
f|328,763
i|331,763
s|333,763
s|338,763
i|343,763
o|346,763
n|351,763
a|357,763
l|363,763
 |365,763
e|367,763
 |373,763
E|375,763
m|382,763
p|391,763
r|397,763
e|400,763
g|406,763
o|412,763
 |417,763
—|420,763
 |431,763
D|433,763
u|441,763
a|447,763
r|452,763
t|456,763
e|459,763
 |464,763
N|467,763
u|474,763
n|480,763
o|486,763
 |491,763
d|494,763
’|500,763
Á|502,763
v|509,763
i|514,763
l|516,763
a|518,763
 |524,763
M|71,789
a|79,789
r|85,789
t|89,789
i|92,789
n|94,789
s|100,789
 |105,789
d|108,789
e|114,789
 |120,789
F|123,789
r|129,789
e|133,789
i|138,789
t|141,789
a|144,789
s|149,789
.|155,789
S|93,814
e|100,814
c|106,814
r|111,814
e|115,814
t|121,814
á|124,814
r|130,814
i|133,814
a|135,814
 |141,814
R|144,814
e|152,814
g|158,814
i|163,814
o|166,814
n|172,814
a|177,814
l|183,814
 |186,814
d|189,814
a|194,814
s|200,814
 |205,814
O|208,814
b|217,814
r|222,814
a|226,814
s|232,814
 |237,814
P|240,814
ú|247,814
b|253,814
l|259,814
i|261,814
c|263,814
a|268,814
s|274,814
 |280,814
e|282,814
 |288,814
C|291,814
o|299,814
m|305,814
u|313,814
n|319,814
i|325,814
c|327,814
a|333,814
ç|338,814
õ|344,814
e|350,814
s|355,814
 |361,814
—|364,814
 |374,814
A|376,814
n|383,814
a|389,814
 |395,814
M|398,814
a|407,814
r|413,814
i|416,814
a|418,814
 |424,814
P|427,814
a|434,814
s|440,814
s|445,814
o|451,814
s|456,814
 |462,814
d|465,814
e|470,814
 |476,814
C|479,814
a|487,814
r|493,814
v|496,814
a|501,814
l|507,814
h|509,814
o|515,814
.|521,814
A|93,862
s|100,862
s|106,862
i|111,862
n|113,862
a|119,862
d|125,862
o|131,862
 |137,862
e|139,862
m|145,862
 |154,862
A|156,862
n|163,862
g|169,862
r|175,862
a|179,862
 |184,862
d|187,862
o|193,862
 |199,862
H|202,862
e|210,862
r|215,862
o|219,862
í|225,862
s|228,862
m|233,862
o|242,862
 |247,862
e|250,862
m|256,862
 |265,862
1|268,862
8|274,862
 |280,862
d|282,862
e|288,862
 |294,862
a|297,862
b|303,862
r|309,862
i|312,862
l|315,862
 |317,862
d|320,862
e|326,862
 |331,862
2|334,862
0|340,862
2|346,862
2|352,862
.|358,862
P|93,909
u|100,909
b|106,909
l|112,909
i|114,909
q|117,909
u|123,909
e|128,909
 |134,909
-|134,909
s|138,909
e|143,909
.|149,909
O|93,957
 |102,957
R|104,957
e|112,957
p|118,957
r|124,957
e|127,957
s|133,957
e|138,957
n|144,957
t|150,957
a|153,957
n|159,957
t|164,957
e|167,957
 |173,957
d|176,957
a|182,957
 |188,957
R|190,957
e|198,957
p|204,957
ú|210,957
b|215,957
l|221,957
i|224,957
c|226,957
a|231,957
 |237,957
p|240,957
a|246,957
r|251,957
a|255,957
 |261,957
a|264,957
 |269,957
R|272,957
e|280,957
g|286,957
i|291,957
ã|294,957
o|300,957
 |305,957
A|308,957
u|315,957
t|320,957
ó|323,957
n|329,957
o|335,957
m|341,957
a|350,957
 |355,957
d|358,957
o|364,957
s|370,957
 |375,957
A|377,957
ç|384,957
o|389,957
r|395,957
e|399,957
s|405,957
,|410,957
 |413,957
P|416,957
e|423,957
d|428,957
r|434,957
o|438,957
 |444,957
M|446,957
a|455,957
n|461,957
u|467,957
e|473,957
l|478,957
 |481,957
d|484,957
o|489,957
s|495,957
 |500,957
R|503,957
e|511,957
i|517,957
s|519,957
 |524,957
A|71,983
l|78,983
v|80,983
e|85,983
s|91,983
 |96,983
C|99,983
a|107,983
t|113,983
a|116,983
r|121,983
i|125,983
n|127,983
o|133,983
.|139,983
1|472,1019
1|478,1019
5|483,1019
2|489,1019
3|495,1019
5|501,1019
2|507,1019
3|513,1019
6|518,1019
 |524,1019
w|57,1593
w|65,1593
w|73,1593
.|81,1593
d|84,1593
r|90,1593
e|94,1593
.|100,1593
p|103,1593
t|109,1593
