D|71,29,76,37
i|79,29,79,37
á|82,29,85,37
r|88,29,89,37
i|92,29,92,37
o|95,29,98,37
d|104,29,108,37
a|111,29,114,37
R|120,29,125,37
e|128,29,131,37
p|134,29,137,37
ú|140,29,144,37
b|147,29,151,37
l|154,29,154,37
i|157,29,157,37
c|160,29,163,37
a|166,29,169,37
,|172,29,172,37
1|178,29,181,37
.|184,29,184,37
ª|187,29,188,37
s|194,29,197,37
é|200,29,203,37
r|206,29,207,37
i|210,29,210,37
e|213,29,216,37
N|40,64,44,72
.|47,64,47,72
º|51,64,51,72
7|58,64,61,72
6|64,64,67,72
1|246,65,249,72
9|252,65,255,72
d|263,65,266,72
e|269,65,272,72
a|281,65,284,72
b|287,65,290,72
r|293,65,294,72
i|297,65,296,72
l|299,65,299,72
d|307,65,310,72
e|313,65,316,72
2|325,65,328,72
0|331,65,334,72
2|337,65,340,72
2|343,65,346,72
P|523,64,527,72
á|530,64,533,72
g|536,64,540,72
.|543,64,543,72
2|549,64,552,72
G|175,94,180,104
A|183,94,187,104
B|190,94,195,104
I|198,94,198,104
N|201,94,205,104
E|208,94,212,104
T|215,94,218,104
E|221,94,225,104
D|231,94,236,104
O|239,94,244,104
R|249,94,254,104
E|257,94,261,104
P|264,94,268,104
R|271,94,275,104
E|278,94,282,104
S|285,94,289,104
E|292,94,296,104
N|299,94,303,104
T|306,94,310,104
A|312,94,316,104
N|319,94,324,104
T|327,94,330,104
E|333,94,337,104
D|343,94,347,104
A|350,94,355,104
R|360,94,365,104
E|368,94,372,104
P|375,94,379,104
Ú|382,94,386,104
B|389,94,394,104
L|396,94,400,104
I|403,94,403,104
C|406,94,410,104
A|413,94,418,104
P|189,111,193,121
A|195,111,200,121
R|203,111,208,121
A|210,111,215,121
A|220,111,225,121
R|230,111,235,121
E|237,111,241,121
G|244,111,249,121
I|252,111,252,121
Ã|255,111,260,121
O|263,111,268,121
A|273,111,278,121
U|281,111,285,121
T|288,111,292,121
Ó|294,111,300,121
N|302,111,307,121
O|310,111,315,121
M|318,111,324,121
A|327,111,331,121
D|337,111,341,121
O|344,111,349,121
S|352,111,356,121
A|361,111,366,121
Ç|369,111,373,121
O|376,111,382,121
R|384,111,389,121
E|392,111,396,121
S|399,111,403,121
D|90,143,95,150
e|98,143,100,150
c|103,143,106,150
r|109,143,110,150
e|113,143,115,150
t|118,143,119,150
o|121,143,125,150
d|130,143,134,150
o|136,143,140,150
R|145,143,150,150
e|152,143,155,150
p|158,143,161,150
r|164,143,165,150
e|168,143,171,150
s|174,143,176,150
e|179,143,182,150
n|185,143,188,150
t|191,143,191,150
a|194,143,197,150
n|200,143,203,150
t|206,143,206,150
e|209,143,212,150
d|217,143,221,150
a|223,143,226,150
R|232,143,236,150
e|239,143,242,150
p|244,143,248,150
ú|251,143,254,150
b|257,143,260,150
l|263,143,263,150
i|266,143,266,150
c|268,143,271,150
a|274,143,277,150
p|282,143,285,150
a|288,143,291,150
r|294,143,295,150
a|298,143,300,150
a|306,143,309,150
R|314,143,319,150
e|322,143,324,150
g|327,143,330,150
i|333,143,333,150
ã|336,143,339,150
o|341,143,345,150
A|350,143,354,150
u|357,143,361,150
t|363,143,364,150
ó|367,143,370,150
n|373,143,376,150
o|379,143,382,150
m|385,143,391,150
a|394,143,397,150
d|402,143,405,150
o|408,143,411,150
s|414,143,417,150
A|422,143,427,150
ç|429,143,432,150
o|435,143,438,150
r|441,143,442,150
e|445,143,448,150
s|450,143,453,150
n|459,143,462,150
.|465,143,465,150
º|468,143,469,150
1|474,143,477,150
/|480,143,480,150
2|482,143,485,150
0|488,143,491,150
2|493,143,496,150
2|499,143,502,150
d|269,169,272,176
e|274,169,277,176
1|282,169,284,176
9|287,169,289,176
d|294,169,297,176
e|300,169,302,176
a|307,169,310,176
b|312,169,315,176
r|318,169,319,176
i|321,169,321,176
l|324,169,324,176
S|116,198,119,203
u|122,198,124,203
m|126,198,131,203
á|134,198,136,203
r|138,198,139,203
i|141,198,141,203
o|143,198,145,203
:|148,198,148,203
E|152,198,156,203
x|158,198,160,203
o|162,198,165,203
n|167,198,169,203
e|172,198,174,203
r|177,198,177,203
a|179,198,182,203
,|184,198,184,203
s|190,198,191,203
o|194,198,196,203
b|198,198,201,203
p|206,198,209,203
r|211,198,211,203
o|214,198,216,203
p|219,198,221,203
o|223,198,226,203
s|228,198,230,203
t|232,198,232,203
a|235,198,237,203
d|242,198,245,203
o|247,198,249,203
P|255,198,258,203
r|261,198,261,203
e|263,198,266,203
s|268,198,270,203
i|272,198,272,203
d|274,198,277,203
e|279,198,281,203
n|284,198,286,203
t|288,198,288,203
e|291,198,293,203
d|299,198,301,203
o|303,198,306,203
G|311,198,315,203
o|318,198,320,203
v|322,198,324,203
e|327,198,329,203
r|331,198,332,203
n|334,198,337,203
o|339,198,341,203
R|347,198,350,203
e|353,198,355,203
g|358,198,360,203
i|362,198,362,203
o|364,198,367,203
n|369,198,371,203
a|374,198,376,203
l|378,198,378,203
d|383,198,386,203
o|388,198,390,203
s|393,198,395,203
A|400,198,403,203
ç|405,198,407,203
o|409,198,412,203
r|414,198,415,203
e|417,198,419,203
s|422,198,424,203
,|426,198,426,203
v|431,198,433,203
á|436,198,438,203
r|440,198,441,203
i|443,198,443,203
o|445,198,447,203
s|450,198,452,203
m|457,198,462,203
e|464,198,467,203
m|469,198,474,203
-|476,198,477,203
b|153,208,155,213
r|158,208,158,213
o|160,208,163,213
s|165,208,167,213
d|172,208,174,213
o|177,208,179,213
G|184,208,188,213
o|190,208,193,213
v|195,208,197,213
e|199,208,202,213
r|204,208,204,213
n|207,208,209,213
o|211,208,214,213
R|219,208,222,213
e|225,208,227,213
g|229,208,232,213
i|234,208,234,213
o|236,208,238,213
n|241,208,243,213
a|246,208,248,213
l|250,208,250,213
d|254,208,257,213
a|259,208,262,213
R|266,208,270,213
e|272,208,275,213
g|277,208,280,213
i|282,208,281,213
ã|284,208,286,213
o|289,208,291,213
A|295,208,298,213
u|301,208,303,213
t|306,208,306,213
ó|308,208,310,213
n|313,208,315,213
o|317,208,320,213
m|322,208,327,213
a|329,208,332,213
d|336,208,339,213
o|341,208,343,213
s|346,208,348,213
A|352,208,355,213
ç|357,208,359,213
o|362,208,364,213
r|366,208,367,213
e|369,208,372,213
s|374,208,376,213
.|378,208,378,213
A|93,228,98,235
o|101,228,104,235
a|111,228,114,235
b|117,228,120,235
r|123,228,123,235
i|126,228,126,235
g|129,228,132,235
o|135,228,138,235
d|144,228,147,235
o|150,228,153,235
n|160,228,163,235
.|166,228,166,235
º|169,228,170,235
4|176,228,179,235
d|186,228,189,235
o|192,228,195,235
a|202,228,205,235
r|208,228,209,235
t|212,228,212,235
i|215,228,214,235
g|217,228,220,235
o|223,228,226,235
2|232,228,235,235
3|238,228,241,235
1|244,228,247,235
.|250,228,250,235
º|253,228,254,235
d|261,228,264,235
a|267,228,270,235
C|277,228,282,235
o|285,228,288,235
n|291,228,294,235
s|297,228,299,235
t|302,228,302,235
i|305,228,305,235
t|308,228,308,235
u|311,228,314,235
i|317,228,316,235
ç|319,228,321,235
ã|324,228,327,235
o|330,228,333,235
d|340,228,343,235
a|346,228,349,235
R|356,228,361,235
e|364,228,367,235
p|370,228,373,235
ú|376,228,379,235
b|382,228,385,235
l|388,228,388,235
i|391,228,390,235
c|393,228,395,235
a|398,228,401,235
P|408,228,412,235
o|415,228,418,235
r|421,228,422,235
t|425,228,425,235
u|428,228,431,235
g|434,228,437,235
u|440,228,443,235
e|446,228,449,235
s|452,228,454,235
a|457,228,460,235
,|463,228,463,235
d|470,228,473,235
o|476,228,479,235
n|486,228,489,235
.|492,228,492,235
º|495,228,496,235
2|502,228,505,235
d|512,228,515,235
o|518,228,521,235
a|71,240,74,247
r|77,240,77,247
t|80,240,80,247
i|83,240,82,247
g|85,240,88,247
o|91,240,94,247
8|100,240,103,247
1|106,240,109,247
.|112,240,112,247
º|115,240,116,247
e|123,240,126,247
d|132,240,135,247
a|138,240,141,247
a|148,240,151,247
l|154,240,153,247
í|156,240,156,247
n|159,240,162,247
e|165,240,168,247
a|171,240,174,247
b|180,240,183,247
)|186,240,186,247
d|193,240,196,247
o|199,240,202,247
n|209,240,212,247
.|215,240,215,247
º|218,240,219,247
1|225,240,228,247
d|234,240,237,247
o|240,240,243,247
a|250,240,253,247
r|256,240,257,247
t|259,240,259,247
i|262,240,262,247
g|265,240,268,247
o|271,240,274,247
1|279,240,282,247
0|285,240,288,247
7|291,240,294,247
.|297,240,297,247
º|300,240,301,247
d|308,240,311,247
o|314,240,317,247
E|324,240,328,247
s|331,240,333,247
t|336,240,336,247
a|339,240,342,247
t|345,240,345,247
u|348,240,351,247
t|354,240,354,247
o|357,240,359,247
P|366,240,370,247
o|373,240,376,247
l|379,240,379,247
í|382,240,382,247
t|385,240,385,247
i|388,240,387,247
c|390,240,392,247
o|395,240,398,247
-|401,240,402,247
A|405,240,409,247
d|412,240,415,247
m|418,240,423,247
i|426,240,426,247
n|429,240,432,247
i|435,240,434,247
s|437,240,439,247
t|442,240,442,247
r|445,240,446,247
a|449,240,452,247
t|455,240,455,247
i|458,240,457,247
v|460,240,462,247
o|465,240,468,247
d|475,240,478,247
a|481,240,484,247
R|491,240,495,247
e|498,240,501,247
g|504,240,507,247
i|510,240,510,247
ã|512,240,515,247
o|518,240,521,247
A|71,253,75,260
u|78,253,81,260
t|84,253,84,260
ó|86,253,89,260
n|92,253,95,260
o|98,253,101,260
m|104,253,110,260
a|113,253,116,260
d|121,253,124,260
o|127,253,130,260
s|133,253,135,260
A|140,253,144,260
ç|147,253,149,260
o|152,253,155,260
r|158,253,159,260
e|161,253,164,260
s|167,253,170,260
,|173,253,173,260
s|178,253,180,260
o|183,253,186,260
b|189,253,192,260
p|197,253,200,260
r|203,253,204,260
o|207,253,210,260
p|212,253,215,260
o|218,253,221,260
s|224,253,227,260
t|229,253,229,260
a|232,253,235,260
d|241,253,244,260
o|246,253,249,260
P|255,253,259,260
r|262,253,262,260
e|265,253,268,260
s|271,253,273,260
i|276,253,276,260
d|279,253,282,260
e|285,253,287,260
n|290,253,293,260
t|296,253,296,260
e|299,253,302,260
d|307,253,310,260
o|313,253,316,260
G|322,253,327,260
o|330,253,333,260
v|336,253,338,260
e|341,253,344,260
r|347,253,347,260
n|350,253,353,260
o|356,253,359,260
R|364,253,369,260
e|372,253,375,260
g|378,253,381,260
i|384,253,383,260
o|386,253,389,260
n|392,253,395,260
a|398,253,401,260
l|403,253,403,260
d|408,253,411,260
o|414,253,417,260
s|420,253,422,260
A|427,253,431,260
ç|434,253,436,260
o|439,253,442,260
r|445,253,446,260
e|449,253,452,260
s|454,253,457,260
,|460,253,460,260
J|465,253,467,260
o|470,253,473,260
s|476,253,479,260
é|481,253,484,260
M|490,253,496,260
a|499,253,501,260
n|504,253,507,260
u|510,253,513,260
e|516,253,519,260
l|522,253,521,260
C|71,265,75,272
a|78,265,81,272
b|84,265,87,272
r|90,265,91,272
a|93,265,96,272
l|99,265,99,272
D|104,265,109,272
i|112,265,111,272
a|114,265,117,272
s|120,265,122,272
B|128,265,132,272
o|135,265,138,272
l|140,265,140,272
i|143,265,142,272
e|145,265,148,272
i|151,265,150,272
r|153,265,154,272
o|157,265,160,272
,|163,265,163,272
e|168,265,171,272
n|176,265,179,272
o|182,265,185,272
s|188,265,190,272
t|196,265,196,272
e|199,265,202,272
r|204,265,205,272
m|208,265,214,272
o|217,265,220,272
s|223,265,225,272
d|230,265,233,272
o|236,265,239,272
n|244,265,247,272
.|250,265,250,272
º|253,265,254,272
1|260,265,263,272
d|268,265,271,272
o|274,265,277,272
a|282,265,285,272
r|288,265,289,272
t|292,265,292,272
i|295,265,294,272
g|297,265,300,272
o|303,265,306,272
9|312,265,315,272
.|317,265,317,272
º|320,265,321,272
d|327,265,330,272
a|333,265,335,272
L|341,265,344,272
e|347,265,350,272
i|353,265,352,272
n|357,265,360,272
.|363,265,363,272
º|366,265,367,272
3|373,265,376,272
0|379,265,382,272
/|385,265,385,272
2|387,265,390,272
0|393,265,396,272
0|399,265,402,272
8|405,265,408,272
,|411,265,411,272
d|416,265,419,272
e|422,265,425,272
1|430,265,433,272
0|436,265,439,272
d|445,265,447,272
e|450,265,453,272
j|459,265,458,272
u|461,265,464,272
l|467,265,466,272
h|469,265,472,272
o|475,265,478,272
,|481,265,481,272
e|486,265,489,272
x|492,265,494,272
o|497,265,500,272
n|503,265,506,272
e|509,265,512,272
r|515,265,515,272
o|518,265,521,272
o|71,278,74,285
s|77,278,79,285
s|85,278,87,285
e|90,278,93,285
g|96,278,99,285
u|102,278,105,285
i|107,278,107,285
n|110,278,113,285
t|116,278,116,285
e|119,278,121,285
s|124,278,127,285
m|133,278,138,285
e|141,278,144,285
m|147,278,153,285
b|156,278,159,285
r|162,278,162,285
o|165,278,168,285
s|171,278,173,285
d|179,278,182,285
o|185,278,188,285
X|194,278,198,285
I|201,278,201,285
I|204,278,204,285
I|207,278,207,285
G|213,278,218,285
o|221,278,224,285
v|227,278,229,285
e|232,278,235,285
r|238,278,238,285
n|241,278,244,285
o|247,278,250,285
R|256,278,260,285
e|263,278,266,285
g|269,278,272,285
i|275,278,274,285
o|277,278,280,285
n|283,278,286,285
a|289,278,292,285
l|295,278,294,285
:|297,278,297,285
S|93,299,97,306
e|100,299,103,306
c|106,299,109,306
r|112,299,112,306
e|115,299,118,306
t|121,299,121,306
á|124,299,127,306
r|130,299,130,306
i|133,299,133,306
o|136,299,139,306
R|145,299,150,306
e|153,299,156,306
g|159,299,162,306
i|165,299,164,306
o|167,299,170,306
n|173,299,176,306
a|179,299,182,306
l|185,299,184,306
d|191,299,194,306
a|197,299,200,306
s|203,299,205,306
F|212,299,215,306
i|218,299,218,306
n|221,299,223,306
a|226,299,229,306
n|232,299,235,306
ç|238,299,240,306
a|243,299,246,306
s|249,299,252,306
,|254,299,254,306
P|261,299,265,306
l|268,299,268,306
a|271,299,274,306
n|277,299,279,306
e|282,299,285,306
a|288,299,291,306
m|294,299,300,306
e|303,299,306,306
n|309,299,312,306
t|315,299,315,306
o|318,299,321,306
e|327,299,330,306
A|337,299,341,306
d|344,299,346,306
m|349,299,355,306
i|358,299,358,306
n|361,299,363,306
i|366,299,366,306
s|369,299,371,306
t|374,299,374,306
r|377,299,378,306
a|380,299,383,306
ç|386,299,389,306
ã|392,299,395,306
o|397,299,400,306
P|407,299,411,306
ú|414,299,417,306
b|420,299,423,306
l|426,299,425,306
i|428,299,428,306
c|431,299,433,306
a|436,299,439,306
-|445,299,452,306
J|458,299,461,306
o|463,299,466,306
a|469,299,472,306
q|475,299,478,306
u|481,299,484,306
i|487,299,486,306
m|489,299,495,306
J|502,299,504,306
o|507,299,510,306
s|513,299,515,306
é|518,299,521,306
S|71,312,75,319
a|78,312,81,319
n|84,312,86,319
t|89,312,89,319
o|92,312,95,319
s|98,312,100,319
d|106,312,109,319
e|112,312,115,319
B|121,312,125,319
a|128,312,131,319
s|134,312,136,319
t|139,312,139,319
o|142,312,145,319
s|148,312,150,319
e|156,312,159,319
S|165,312,169,319
i|172,312,171,319
l|174,312,173,319
v|176,312,179,319
a|182,312,185,319
.|187,312,187,319
S|93,324,97,331
e|100,324,103,331
c|106,324,109,331
r|111,324,112,331
e|115,324,118,331
t|121,324,121,331
á|124,324,127,331
r|130,324,130,331
i|133,324,132,331
a|135,324,138,331
R|144,324,149,331
e|152,324,155,331
g|158,324,160,331
i|163,324,163,331
o|166,324,169,331
n|172,324,174,331
a|177,324,180,331
l|183,324,183,331
d|189,324,191,331
a|194,324,197,331
E|203,324,207,331
d|210,324,213,331
u|216,324,219,331
c|222,324,224,331
a|227,324,230,331
ç|233,324,235,331
ã|238,324,241,331
o|244,324,247,331
-|253,324,260,331
S|266,324,270,331
o|273,324,276,331
f|279,324,279,331
i|282,324,281,331
a|284,324,287,331
H|293,324,298,331
e|301,324,303,331
l|306,324,306,331
e|309,324,312,331
n|315,324,317,331
o|320,324,323,331
S|329,324,333,331
a|336,324,339,331
n|342,324,345,331
t|348,324,348,331
o|351,324,354,331
s|357,324,359,331
R|365,324,369,331
o|372,324,375,331
q|378,324,381,331
u|384,324,387,331
e|390,324,393,331
R|399,324,403,331
i|406,324,406,331
b|409,324,411,331
e|414,324,417,331
i|420,324,420,331
r|423,324,423,331
o|426,324,429,331
.|432,324,432,331
S|93,337,97,344
e|100,337,103,344
c|106,337,108,344
r|111,337,112,344
e|115,337,118,344
t|120,337,120,344
á|123,337,126,344
r|129,337,130,344
i|133,337,132,344
a|135,337,138,344
R|143,337,147,344
e|150,337,153,344
g|156,337,159,344
i|162,337,161,344
o|164,337,167,344
n|170,337,173,344
a|176,337,179,344
l|181,337,181,344
d|186,337,189,344
a|192,337,195,344
C|200,337,204,344
u|207,337,210,344
l|213,337,212,344
t|215,337,215,344
u|218,337,221,344
r|224,337,225,344
a|227,337,230,344
,|233,337,233,344
C|238,337,243,344
i|246,337,245,344
ê|248,337,251,344
n|254,337,257,344
c|260,337,262,344
i|265,337,264,344
a|267,337,270,344
e|275,337,278,344
T|283,337,286,344
r|289,337,289,344
a|292,337,295,344
n|298,337,301,344
s|304,337,306,344
i|309,337,308,344
ç|311,337,314,344
ã|317,337,319,344
o|322,337,325,344
D|330,337,335,344
i|338,337,337,344
g|340,337,343,344
i|346,337,345,344
t|348,337,348,344
a|351,337,354,344
l|357,337,356,344
-|362,337,369,344
S|375,337,379,344
u|382,337,385,344
s|388,337,390,344
e|393,337,396,344
t|399,337,399,344
e|402,337,405,344
P|410,337,414,344
a|417,337,420,344
u|422,337,425,344
l|428,337,428,344
a|430,337,433,344
d|439,337,441,344
e|444,337,447,344
O|452,337,457,344
l|460,337,460,344
i|463,337,462,344
v|465,337,467,344
e|470,337,473,344
i|476,337,475,344
r|478,337,479,344
a|482,337,485,344
P|490,337,494,344
e|497,337,499,344
i|502,337,502,344
x|505,337,507,344
o|510,337,513,344
t|516,337,516,344
o|518,337,521,344
A|71,349,75,356
m|78,349,84,356
a|86,349,89,356
r|92,349,93,356
o|96,349,99,356
.|102,349,102,356
S|93,362,97,369
e|100,362,103,369
c|106,362,109,369
r|111,362,112,369
e|115,362,118,369
t|121,362,121,369
á|124,362,127,369
r|130,362,130,369
i|133,362,132,369
o|135,362,138,369
R|144,362,149,369
e|152,362,155,369
g|158,362,160,369
i|163,362,163,369
o|166,362,169,369
n|172,362,174,369
a|177,362,180,369
l|183,362,183,369
d|189,362,191,369
o|194,362,197,369
s|200,362,203,369
T|208,362,212,369
r|214,362,215,369
a|218,362,221,369
n|224,362,226,369
s|229,362,232,369
p|235,362,238,369
o|240,362,243,369
r|246,362,247,369
t|250,362,250,369
e|253,362,256,369
s|259,362,261,369
,|264,362,264,369
T|269,362,273,369
u|275,362,278,369
r|281,362,282,369
i|285,362,284,369
s|287,362,289,369
m|292,362,298,369
o|301,362,304,369
e|310,362,313,369
E|319,362,323,369
n|326,362,329,369
e|331,362,334,369
r|337,362,338,369
g|341,362,344,369
i|347,362,346,369
a|349,362,352,369
-|358,362,365,369
M|371,362,377,369
á|380,362,383,369
r|386,362,386,369
i|389,362,389,369
o|392,362,394,369
J|400,362,403,369
o|406,362,408,369
r|411,362,412,369
g|415,362,418,369
e|421,362,424,369
M|430,362,435,369
o|438,362,441,369
t|444,362,444,369
a|447,362,450,369
B|456,362,460,369
o|463,362,466,369
r|469,362,469,369
g|472,362,475,369
e|478,362,481,369
s|484,362,486,369
.|489,362,489,369
S|93,375,97,382
e|100,375,103,382
c|106,375,108,382
r|111,375,112,382
e|115,375,118,382
t|120,375,120,382
á|123,375,126,382
r|129,375,130,382
i|132,375,132,382
o|135,375,138,382
R|143,375,147,382
e|150,375,153,382
g|156,375,159,382
i|162,375,161,382
o|164,375,167,382
n|170,375,173,382
a|176,375,178,382
l|181,375,181,382
d|186,375,189,382
a|192,375,194,382
J|200,375,202,382
u|205,375,208,382
v|211,375,213,382
e|216,375,219,382
n|221,375,224,382
t|227,375,227,382
u|230,375,233,382
d|236,375,239,382
e|242,375,244,382
,|247,375,247,382
Q|252,375,258,382
u|261,375,263,382
a|266,375,269,382
l|272,375,271,382
i|274,375,274,382
f|277,375,277,382
i|279,375,279,382
c|282,375,284,382
a|287,375,290,382
ç|293,375,295,382
ã|298,375,301,382
o|304,375,306,382
P|312,375,316,382
r|319,375,319,382
o|322,375,325,382
f|328,375,328,382
i|331,375,330,382
s|333,375,335,382
s|338,375,340,382
i|343,375,343,382
o|346,375,348,382
n|351,375,354,382
a|357,375,360,382
l|363,375,362,382
e|367,375,370,382
E|375,375,379,382
m|382,375,388,382
p|391,375,394,382
r|397,375,397,382
e|400,375,403,382
g|406,375,409,382
o|412,375,414,382
-|420,375,428,382
D|433,375,438,382
u|441,375,444,382
a|447,375,450,382
r|452,375,453,382
t|456,375,456,382
e|459,375,462,382
N|467,375,471,382
u|474,375,477,382
n|480,375,483,382
o|486,375,489,382
d|494,375,497,382
Á|502,375,506,382
v|509,375,511,382
i|514,375,513,382
l|516,375,516,382
a|518,375,521,382
M|71,387,77,394
a|79,387,82,394
r|85,387,86,394
t|89,387,89,394
i|92,387,91,394
n|94,387,97,394
s|100,387,102,394
d|108,387,111,394
e|114,387,117,394
F|123,387,126,394
r|129,387,130,394
e|133,387,135,394
i|138,387,138,394
t|141,387,141,394
a|144,387,147,394
s|149,387,152,394
.|155,387,155,394
S|93,400,97,407
e|100,400,103,407
c|106,400,109,407
r|111,400,112,407
e|115,400,118,407
t|121,400,121,407
á|124,400,127,407
r|130,400,130,407
i|133,400,132,407
a|135,400,138,407
R|144,400,149,407
e|152,400,155,407
g|158,400,160,407
i|163,400,163,407
o|166,400,169,407
n|172,400,174,407
a|177,400,180,407
l|183,400,183,407
d|189,400,191,407
a|194,400,197,407
s|200,400,203,407
O|208,400,214,407
b|217,400,219,407
r|222,400,223,407
a|226,400,229,407
s|232,400,234,407
P|240,400,244,407
ú|247,400,250,407
b|253,400,256,407
l|259,400,258,407
i|261,400,260,407
c|263,400,266,407
a|268,400,271,407
s|274,400,277,407
e|282,400,285,407
C|291,400,296,407
o|299,400,302,407
m|305,400,310,407
u|313,400,316,407
n|319,400,322,407
i|325,400,324,407
c|327,400,330,407
a|333,400,336,407
ç|338,400,341,407
õ|344,400,347,407
e|350,400,352,407
s|355,400,358,407
-|364,400,371,407
A|376,400,380,407
n|383,400,386,407
a|389,400,392,407
M|398,400,404,407
a|407,400,410,407
r|413,400,413,407
i|416,400,416,407
a|418,400,421,407
P|427,400,431,407
a|434,400,437,407
s|440,400,442,407
s|445,400,448,407
o|451,400,453,407
s|456,400,459,407
d|465,400,467,407
e|470,400,473,407
C|479,400,484,407
a|487,400,490,407
r|493,400,493,407
v|496,400,498,407
a|501,400,504,407
l|507,400,507,407
h|509,400,512,407
o|515,400,518,407
.|521,400,521,407
A|93,424,97,431
s|100,424,103,431
s|106,424,108,431
i|111,424,110,431
n|113,424,116,431
a|119,424,122,431
d|125,424,128,431
o|131,424,134,431
e|139,424,142,431
m|145,424,151,431
A|156,424,160,431
n|163,424,166,431
g|169,424,172,431
r|175,424,176,431
a|179,424,182,431
d|187,424,190,431
o|193,424,196,431
H|202,424,207,431
e|210,424,212,431
r|215,424,216,431
o|219,424,222,431
í|225,424,225,431
s|228,424,230,431
m|233,424,239,431
o|242,424,245,431
e|250,424,253,431
m|256,424,262,431
1|268,424,271,431
8|274,424,277,431
d|282,424,285,431
e|288,424,291,431
a|297,424,300,431
b|303,424,306,431
r|309,424,309,431
i|312,424,312,431
l|315,424,314,431
d|320,424,323,431
e|326,424,329,431
2|334,424,337,431
0|340,424,343,431
2|346,424,349,431
2|352,424,355,431
.|358,424,358,431
P|93,448,97,455
u|100,448,103,455
b|106,448,109,455
l|112,448,111,455
i|114,448,114,455
q|117,448,120,455
u|123,448,125,455
e|128,448,131,455
-|134,448,135,455
s|138,448,140,455
e|143,448,146,455
.|149,448,149,455
O|93,472,99,479
R|104,472,109,479
e|112,472,115,479
p|118,472,121,479
r|124,472,124,479
e|127,472,130,479
s|133,472,135,479
e|138,472,141,479
n|144,472,147,479
t|150,472,150,479
a|153,472,156,479
n|159,472,161,479
t|164,472,164,479
e|167,472,170,479
d|176,472,179,479
a|182,472,185,479
R|190,472,195,479
e|198,472,201,479
p|204,472,207,479
ú|210,472,213,479
b|215,472,218,479
l|221,472,221,479
i|224,472,223,479
c|226,472,228,479
a|231,472,234,479
p|240,472,243,479
a|246,472,249,479
r|251,472,252,479
a|255,472,258,479
a|264,472,266,479
R|272,472,277,479
e|280,472,283,479
g|286,472,288,479
i|291,472,291,479
ã|294,472,297,479
o|300,472,302,479
A|308,472,312,479
u|315,472,317,479
t|320,472,320,479
ó|323,472,326,479
n|329,472,332,479
o|335,472,338,479
m|341,472,347,479
a|350,472,352,479
d|358,472,361,479
o|364,472,367,479
s|370,472,372,479
A|377,472,381,479
ç|384,472,387,479
o|389,472,392,479
r|395,472,396,479
e|399,472,402,479
s|405,472,407,479
,|410,472,410,479
P|416,472,420,479
e|423,472,426,479
d|428,472,431,479
r|434,472,435,479
o|438,472,441,479
M|446,472,452,479
a|455,472,458,479
n|461,472,464,479
u|467,472,470,479
e|473,472,476,479
l|478,472,478,479
d|484,472,486,479
o|489,472,492,479
s|495,472,498,479
R|503,472,508,479
e|511,472,514,479
i|517,472,516,479
s|519,472,521,479
A|71,484,75,491
l|78,484,77,491
v|80,484,82,491
e|85,484,88,491
s|91,484,93,491
C|99,484,104,491
a|107,484,110,491
t|113,484,113,491
a|116,484,119,491
r|121,484,122,491
i|125,484,124,491
n|127,484,130,491
o|133,484,136,491
.|139,484,139,491
1|472,503,475,510
1|478,503,480,510
5|483,503,486,510
2|489,503,492,510
3|495,503,498,510
5|501,503,504,510
2|507,503,510,510
3|513,503,515,510
6|518,503,521,510
w|57,789,62,797
w|65,789,70,797
w|73,789,78,797
.|81,789,81,797
d|84,789,87,797
r|90,789,91,797
e|94,789,97,797
.|100,789,100,797
p|103,789,106,797
t|109,789,110,797
